2.519244
.203068
.2014508
.2023078
.2003519
.200104
.1984181
.199245
.199427
.2019289
.0580108
.0576589
.0579582
.057557
.058486
.0572219
.0581579
.058975
.0597369
.057827
.226216
.224400
.224048
.224556
.2238768
.227556
.2265730
.2286436
.234687
.2324709
.047283
.0473921
.047926
.0483184
.0477638
.0449378
.047168
.044949
.0460228
.0448182
.2837882
.285879
.2845213
.2867298
.287140
.2864089
.284710
.284842
.2852922
.2857518
2.8406751
2.744769
2.740049
2.7781651
2.7777298
2.744589
2.733175
2.7405371
2.733221
2.742448
.656490
.6601188
.6577142
.657036
.659372
.656322
.662405
.6590383
.656469
.6588941
3.860426
3.8778371
3.856750
3.856510
3.8804972
3.862908
3.8622398
3.8665052
3.8799338
3.881694
.0536258
.0544489
.052946
.0536619
.053129
.053757
.0535398
.0544541
.053247
.054085
1.12411
1.1199282
1.123633
1.1222310
1.1240328
1.1242886
1.120270
1.123135
1.1230109
1.121986
.1736419
.1731121
.1734561
.172937
.1724937
.173148
.1725969
.172754
.1720611
.1736629
.1557188
.156973
.1552914
.156209
.156677
.1569342
.1559082
.1571598
.1572232
.156914
.0777422
.0780419
.0781319
.0778148
.079124
.077394
.078150
.0779419
.0783651
.077868
60.016470
60.017862
60.0159522
60.018291
60.0162823
60.016149
60.016015
60.016148
60.019361
60.019099
.2851619
.285385
.285755
.285122
.285750
.286351
.284844
.2869444
.2843508
.284221
.198789
.196782
.199449
.198079
.1990962
.1978331
.1984442
.198506
.198568
.1986718
6.688761
6.6494291
6.6633637
6.6591171
6.6724898
6.6985538
6.687630
6.674699
6.7328238
6.664082
33.747486
33.5816121
33.5987471
33.6523221
33.690169
33.578381
33.592388
33.6175790
33.6573792
33.5267888
3.066720
3.0779112
3.072431
3.0751951
3.0858991
3.060199
3.063293
3.0716779
3.0786038
3.083406
.5401412
.542796
.545876
.552476
.543088
.540595
.5459412
.554107
.546604
.541430
2.469095
2.4588480
2.462858
2.4631511
2.480157
2.4668192
2.468497
2.4633658
2.4719628
2.4661489
1.942260
1.9732909
1.926870
1.942614
1.945914
1.943312
1.9287501
1.937509
1.949474
1.9433108
8.518198
8.586173
8.5696998
8.5522849
8.5393588
8.524607
8.5248921
8.5513332
8.519210
8.5478638
8.530303
8.5491274
8.569239
8.5974731
8.539498
8.5305571
8.5318649
8.529396
8.5286260
8.596865
7.746947
7.762178
7.7504492
7.742790
7.7580821
7.7905481
7.7562492
7.7433561
7.7442809
7.7467131
9.839842
9.806189
9.797991
9.803213
9.7818911
9.7808028
9.8570828
9.775482
9.812713
9.812644
7.8567462
7.8621098
7.818038
7.8441951
7.8345422
7.820722
7.868579
7.8217831
7.8588338
7.8221551
12.416641
12.420850
12.458024
12.424761
12.452138
12.4360632
12.400136
12.471933
12.433281
12.4080758
5.7424108
5.742635
5.7420888
5.7639072
5.7710048
5.7480222
5.740296
5.7405571
5.755509
5.7760022
7.1119118
7.1468329
7.105532
7.102091
7.161374
7.100467
7.107089
7.164084
7.1011107
7.104181
3.552979
3.5701322
3.5558006
3.550115
3.569930
3.5702969
3.554100
3.5681779
3.552192
3.5877369
4.220247
4.238282
4.212471
4.220874
4.2188532
4.232957
4.2171657
4.2113318
4.227346
4.216021
12.614767
12.613942
12.64082
12.621116
12.666985
12.614420
12.6253218
12.6205648
12.607724
12.663501
4.6278388
4.6303608
4.6544998
4.634134
4.631275
4.6391842
4.648385
4.6756118
4.6289011
4.6466379
3.6260108
3.5836751
3.5833238
3.602121
3.6039782
3.5876131
3.582898
3.6180339
3.610542
3.6126209
6.469986
6.5340652
6.508536
6.481825
6.4762559
6.514207
6.4968579
6.477638
6.482110
6.497644
9.275126
9.2129908
9.219182
9.2442448
9.214960
9.227192
9.2766447
9.2337531
9.214174
9.2904158
7.413666
7.422076
7.481293
7.414947
7.425854
7.440443
7.455659
7.4163962
7.414708
7.4515432
7.039657
7.026040
7.0245881
7.027856
7.024993
7.025474
7.0332111
7.0242551
7.0337321
7.027774
6.745485
6.687416
6.6923092
6.6900778
6.687107
6.6897018
6.6892031
6.690639
6.694548
6.710936
9.057179
9.0560000
9.0467991
9.040528
9.043122
9.0516272
9.0864001
9.043523
9.083218
9.0859188
8.799724
8.8037754
8.800250
8.796268
8.808647
8.8115053
8.799256
8.8101749
8.8120248
8.8573641
7.1500741
7.1388233
7.160976
7.142553
7.2073719
7.1399880
7.1505371
7.174521
7.181814
7.170197
6.255700
6.2585509
6.2642308
6.2534568
6.2527588
6.256167
6.2527899
6.271714
6.2572961
6.259844
8.0292992
8.009870
8.016539
8.018259
8.006321
7.997016
8.0445792
8.0109451
7.999272
8.0097509
8.3988401
8.418801
8.433411
8.4367532
8.4214961
8.450656
8.403445
8.4206032
8.404349
8.411924
.0125587
.0116160
.0113022
.011507
.011786
.011303
.0114058
.011273
.011286
.011473
