.366125
.3628868
.3672572
.3635808
.355029
.3586279
.3578570
.354507
.3603888
.4623898
.1179022
.110659
.1082491
.1110682
.1447209
.1197698
.1173582
.103727
.1018511
.101343
.467028
.447325
.4442146
.4499041
.429000
.5308148
.489609
.4937458
.432321
.516505
.112665
.126817
.0998321
.1194522
.090510
.1126258
.087751
.100325
.0921852
.0888412
.599194
.564071
.626780
.577036
.582714
.557526
.5592988
.574663
.5801248
.563596
5.434304
5.730164
5.9684709
6.3695948
6.016824
6.3940261
6.179999
6.634650
6.784324
6.097806
1.309805
1.311545
1.345652
1.392369
1.3586281
1.423158
1.5609889
1.618958
1.510743
1.4171538
8.190288
7.524499
8.459436
7.542821
7.722687
8.107710
8.716675
9.3690358
9.7656272
9.421866
.135473
.1298942
.1142583
.124741
.1302368
.1229391
.121447
.128877
.1292942
.129794
2.7480901
2.8254079
2.8086849
2.768685
2.7787431
2.783892
2.820922
2.780050
2.949761
2.768513
.407511
.438420
.404786
.4411041
.447708
.440955
.444237
.4192738
.447403
.415765
.340722
.3627678
.3438962
.373572
.3628302
.3649578
.383954
.3761022
.400269
.3839591
.161369
.197633
.1799839
.181691
.1839162
.1693888
.1900332
.1842032
.1869440
.175908
61.6028528
61.923229
62.7826853
62.544199
62.873193
62.891769
62.952321
64.340334
60.923386
71.326172
.667806
.562137
.6833732
.6718999
.673280
.6542241
.6706350
.6360173
.6369271
.662541
.4365658
.458724
.4701082
.472720
.4681862
.4636142
.4386772
.438025
.457590
.4463989
15.1750222
15.393543
15.4695809
16.0953041
15.988678
15.9123588
15.893229
16.021260
15.9211872
16.0651019
60.353537
61.891234
71.754774
201.3369052
69.4471542
65.6900599
61.141171
64.102538
62.250996
61.3529111
7.6960478
7.221361
7.525827
7.687954
7.5943508
6.886792
7.863493
7.6437518
7.618911
7.727737
1.3134819
1.3289280
1.330152
1.321332
1.344201
1.315349
1.319364
1.3439111
1.3330179
1.3292349
6.1395882
6.200017
6.058039
6.0004382
6.195398
6.164904
6.2915931
6.131836
5.955785
6.101839
4.774993
4.6232041
4.682811
4.817015
4.598366
4.6993618
4.893615
4.756158
4.780005
4.8605120
21.831798
21.684790
22.7062171
22.024407
21.516138
21.480164
21.3353121
21.5416081
21.1952818
20.1648822
20.609785
20.1237891
21.340682
20.7373729
20.988205
21.0858399
20.905047
21.253743
20.3823492
21.0987079
19.218520
17.539935
18.9079648
19.719948
19.925167
19.286117
18.134296
19.3522381
19.9469860
19.5625552
24.4514498
25.6465301
22.308537
24.9825079
24.4487482
24.107116
24.240316
25.3349251
25.052557
25.227682
20.641084
18.5082532
19.655101
19.759799
19.360322
19.403457
19.312943
19.2829347
18.698663
19.9485969
30.446239
30.468828
31.8916342
31.4228890
31.7551251
31.3113501
31.144603
31.905184
33.688389
29.4544012
15.0726318
15.0443011
14.1860349
13.925140
14.0590362
14.144211
14.2463078
14.962355
14.618977
14.366026
17.930696
17.663715
18.825859
18.2957632
17.728473
17.739208
18.1039827
17.954283
18.060776
18.537201
9.103924
8.9675122
8.9548771
8.918662
8.9224071
8.4397652
8.764972
8.640289
8.9094648
8.872613
10.3966699
10.491747
10.586220
10.4945
10.820479
10.7265049
11.2474608
10.7941771
10.711162
10.5972271
33.4354722
32.9933752
31.921928
31.972365
31.589385
31.8218592
32.514902
